23
117
157
158
159
166
246
361
410
461
464
506
538
559
698
706
708
745
807
855
856
863
877
933
934
935
936
937
938
939
940
941
942
943
944
945
946
947
948
949
978
979
980
1055
1060
1080
1121
1199
1238
1239
1241
1254
1319
1444
1493
1562
1566
1586
1606
1671
1678
1680
1683
1717
1726
1729
1742
1811
1833
1839
1880
1914
1968
1974
1975
1995
2055
2094
2174
2181
2200
2224
2225
2226
2248
2264
2265
2266
2267
2268
2269
2270
2271
2272
2297
2315
2380
2454
2495
2538
2587
2588
2589
2590
2591
2611
2744
2768
2868
2943
3130
3238
3269
3276
3300
3321
3322
3323
3324
3326
3428
3474
3475
3501
3513
3564
3565
3566
3567
3569
3570
3572
3582
3591
3645
3649
3650
3654
3655
3681
3684
3685
3689
3690
3699
3702
3710
3729
3747
3748
3749
3750
3751
3752
3753
3754
3755
3756
3809
3840
3999
4032
4063
4065
4103
4211
4268
4292
4300
4301
4302
4303
4304
4305
4328
4469
4471
4499
4537
4539
4540
4696
4814
4833
4890
4896
4902
4916
4938
4962
4976
5004
5022
5023
5024
5039
5040
5062
5101
5102
5103
5115
5116
5121
5132
5163
5167
5193
5207
5243
5335
5370
5373
5376
5387
5390
5401
5431
5432
5444
5449
5453
5459
5465
5485
5494
5495
5499
5502
5510
5520
5572
5575
5587
5613
5622
5626
5630
5634
5648
5650
5651
5664
5667
5671
5676
5706
5716
5735
5745
5753
5760
5769
5774
5775
5776
5777
5792
5793
5794
5795
5796
5797
5798
5799
5801
5802
5803
5804
5805
5806
5807
5808
5809
5810
5811
5812
5813
5814
5816
5817
5818
5819
5820
5821
5822
5823
5824
5825
5826
5827
5828
5829
5830
5831
5832
5833
5834
5835
5836
5837
5838
5839
5840
5841
5842
5843
5844
5845
5846
5874
5889
5890
5891
5892
5893
5902
5909
5910
5934
5949
5953
5964
5990
6004
6005
6025
6028
6034
6038
6043
6063
6091
6121
6122
6124
6125
6126
6129
6134
6141
6191
6192
6238
6243
6282
6304
6305
6306
6307
6308
6309
6339
6423
6446
6449
6509
6539
6588
6611
6619
6626
6658
6689
6781
6790
6987
7023
7073
7081
7098
7114
7161
7208
7275
7319
7415
7447
7448
7457
7464
7495
7501
7502
7513
7523
7530
7629
7649
7678
7696
7704
7725
7728
7740
7747
7753
7771
7794
7826
7856
7861
7863
7869
7912
7927
8001
8024
8045
8052
8065
8103
8105
8107
8154
8170
8189
8195
8226
8230
8238
8259
8260
8277
8289
8343
8362
8374
8392
8393
8397
8419
8427
8466
8491
8492
8536
8541
8542
8576
8638
8641
8657
8668
8698
8705
8743
8760
8766
8770
8774
8780
8831
8832
8874
8919
8961
9012
9043
9053
9073
9074
9095
9111
9174
9187
9193
9195
9210
9225
9248
9252
9258
9272
9296
9454
9455
9458
9459
9470
9478
9495
9505
9515
9518
9519
9561
9575
9578
9593
9607
9630
9631
9635
9708
9810
9836
9837
9845
9866
9880
9891
9894
9896
9923
9927
9951
9952
9955
9956
9959
9961
9969
9985
10000
10027
10028
10037
10038
10039
10046
